ha
  ha 89 28 7892 789 7892 78902 7890 78902 97802 9087 9082 89072 9087 8902 9082 0890 892 0892 0890 9820 98 09280 980 928 0980 920 0


ha
  ha
57
   et 23779 802789 2 897 890289 072 7890 07892 80792 0789 708927 89020 7890 8972 087920 8790 87920 8790 892098 028 90 8920 89 9089 8 
 et 
   87 hi 98239 8798 2 9078098 279 7802 79082 0978 97082 79082 9078 90278 90872 908 2908 9082 908 9028 908 9089 
ja      ha 
ha green
ha
  87 
ha  ha top green able 892389 789 2 978 9782 7908 07982 7908 70892 089 8092 8902 890 8902 980280982 098 098 908 9009020 90 20 02

ha
ha compost 823897 90782 09782 7908 07892 07892 09870 9872 8907 08927 0982 098 0892 0892 890 2098 908
ha
  green copany 23 89782 9870 29087 97082 79082 7908 78902 8907 80927 8970289078290 0892 089 2098 0982 0899082 9082 098 0982 0902

 et
x  hi 823470 78979208 7 9082 0978 09782 07892 8079 07892 08972 8790 80972 80972 908 9082908 2908 890298 98 29i 2inoin p2np oi3 noip2oio
